1 0.9463556851311954 0.4335276967930029 0.022157434402332362 0.024489795918367346
1 0.9204081632653062 0.4037900874635568 0.07346938775510205 0.022157434402332362
1 0.8830903790087463 0.3793002915451895 0.08629737609329446 0.01924198250728863
1 0.7699708454810495 0.37784256559766766 0.05422740524781341 0.022157434402332362
1 0.8224489795918367 0.42565597667638483 0.09446064139941691 0.016909620991253645
1 0.6784256559766764 0.39533527696793 0.10612244897959183 0.04139941690962099
1 0.5594752186588922 0.3965014577259475 0.16793002915451896 0.07230320699708455
1 0.10845481049562682 0.2772594752186589 0.08279883381924198 0.03498542274052478
1 0.023323615160349854 0.260932944606414 0.04664723032069971 0.01282798833819242
1 0.8405247813411079 0.46122448979591835 0.3166180758017493 0.07755102040816327
1 0.3346938775510204 0.3043731778425656 0.03381924198250729 0.013994169096209912
1 0.3565597667638484 0.34110787172011664 0.036151603498542274 0.01574344023323615
1 0.42303206997084547 0.358600583090379 0.07871720116618076 0.03498542274052478
1 0.29125364431486883 0.2848396501457726 0.01924198250728863 0.016909620991253645