1 0.29522096608427545 0.7435765673175745 0.029804727646454265 0.02723535457348407
1 0.3353031860226105 0.7055498458376156 0.02723535457348407 0.041109969167523124
1 0.47404933196300103 0.5303186022610483 0.02826310380267215 0.024665981500513873
1 0.512332990750257 0.49229188078108943 0.050359712230215826 0.04367934224049332
1 0.5542137718396711 0.4380781089414183 0.030832476875642344 0.02826310380267215
1 0.5840184994861254 0.39850976361767726 0.02826310380267215 0.024665981500513873
1 0.6744604316546763 0.2965056526207605 0.06731757451181912 0.08119218910585817
1 0.7474306269270298 0.20554984583761562 0.029804727646454265 0.03597122302158273
1 0.9457862281603289 0.08530318602261049 0.020554984583761562 0.03340184994861254
1 0.10328879753340185 0.9560637204522097 0.0750256937307297 0.0698869475847893
1 0.3766700924974306 0.6472250770811921 0.024665981500513873 0.02826310380267215
1 0.4288283658787256 0.5883864337101747 0.046762589928057555 0.040082219938335044