1 0.5737244897959184 0.5096938775510204 0.11122448979591837 0.10204081632653061
1 0.5283163265306122 0.4818877551020408 0.06989795918367347 0.07755102040816327
1 0.09948979591836735 0.07627551020408163 0.07755102040816327 0.09030612244897959
1 0.1989795918367347 0.13622448979591836 0.06989795918367347 0.08928571428571429
1 0.31326530612244896 0.3056122448979592 0.04285714285714286 0.024489795918367346
1 0.25076530612244896 0.2752551020408163 0.020918367346938777 0.02346938775510204
1 0.2364795918367347 0.22346938775510203 0.0826530612244898 0.05663265306122449
1 0.4316326530612245 0.43545918367346936 0.02346938775510204 0.02857142857142857
1 0.4548469387755102 0.5012755102040817 0.11377551020408164 0.11377551020408164
1 0.6209183673469387 0.6454081632653061 0.04030612244897959 0.037244897959183676
1 0.3701530612244898 0.3681122448979592 0.06836734693877551 0.04897959183673469
1 0.3760204081632653 0.3086734693877551 0.0336734693877551 0.036224489795918365