1 0.4262755102040816 0.5096938775510204 0.11122448979591837 0.10204081632653061
1 0.4716836734693878 0.4818877551020408 0.06989795918367347 0.07755102040816327
1 0.9005102040816326 0.07627551020408163 0.07755102040816327 0.09030612244897959
1 0.8010204081632653 0.13622448979591836 0.06989795918367347 0.08928571428571429
1 0.686734693877551 0.3056122448979592 0.04285714285714286 0.024489795918367346
1 0.749234693877551 0.2752551020408163 0.020918367346938777 0.02346938775510204
1 0.7635204081632653 0.22346938775510203 0.0826530612244898 0.05663265306122449
1 0.5683673469387756 0.43545918367346936 0.02346938775510204 0.02857142857142857
1 0.5451530612244898 0.5012755102040817 0.11377551020408164 0.11377551020408164
1 0.3790816326530612 0.6454081632653061 0.04030612244897959 0.037244897959183676
1 0.6298469387755102 0.3681122448979592 0.06836734693877551 0.04897959183673469
1 0.6239795918367347 0.3086734693877551 0.0336734693877551 0.036224489795918365