1 0.9832248372558838 0.9514271407110666 0.028542814221331998 0.05558337506259389
1 0.9546820230345519 0.9509263895843766 0.08512769153730596 0.09564346519779669
1 0.9218828242363545 0.7984476715072609 0.04256384576865298 0.04156234351527291
1 0.671256885327992 0.6266900350525789 0.03254882323485228 0.049073610415623435
1 0.5297946920380571 0.4611917876815223 0.05958938407611417 0.04406609914872309
1 0.5883825738607912 0.5375563345017527 0.05808713069604406 0.028542814221331998
1 0.6407110665998998 0.5490736104156234 0.03104656985478217 0.028542814221331998
1 0.49624436654982473 0.3793189784677016 0.049073610415623435 0.06059088632949424
1 0.22533800701051576 0.18928392588883325 0.03505257886830245 0.04006009013520281
1 0.33650475713570355 0.3082123184777166 0.03254882323485228 0.04006009013520281
1 0.15448172258387582 0.08913370055082624 0.04006009013520281 0.057085628442663995
1 0.4399098647971958 0.35978968452679017 0.02704056084126189 0.024536805207811718
1 0.8307461191787682 0.6835252879318978 0.049073610415623435 0.03355032548823235